Jobs=1.	|	Time=0.1289660930633545
Jobs=2.	|	Time=0.09387588500976562
Jobs=3.	|	Time=0.10631895065307617
