Jobs=1.	|	Time=0.098260
Jobs=2.	|	Time=0.084042
Jobs=3.	|	Time=0.143956
